2	12	0.119
2	16	0.238
2	59	0.216
2	126	0.147
2	179	0.212
8	9	0.538
12	14	0.173
12	16	0.158
12	85	0.214
12	102	0.117
12	103	0.112
12	107	0.110
12	108	0.080
12	110	0.140
12	114	0.121
12	116	0.175
12	118	0.171
12	121	0.146
12	125	0.094
12	126	0.217
12	135	0.174
12	137	0.160
12	156	0.178
12	163	0.203
12	164	0.154
12	173	0.152
12	196	0.175
13	1267	0.429
14	101	0.111
14	102	0.102
16	59	0.201
16	110	0.107
39	45	0.591
57	59	0.427
101	102	0.195
101	105	0.131
101	115	0.143
101	119	0.158
101	122	0.206
101	142	0.176
102	105	0.141
102	108	0.203
102	114	0.135
102	115	0.227
102	118	0.133
102	120	0.165
102	135	0.214
103	105	0.076
103	113	0.092
104	106	0.155
104	109	0.089
104	111	0.113
104	112	0.126
104	113	0.081
104	123	0.147
104	124	0.087
104	129	0.180
104	130	0.142
104	132	0.174
104	145	0.140
104	154	0.220
105	111	0.112
105	119	0.219
105	136	0.152
106	109	0.151
106	112	0.149
106	123	0.159
106	129	0.186
106	130	0.130
106	132	0.134
107	112	0.077
107	116	0.120
107	126	0.094
108	117	0.188
108	118	0.150
108	120	0.139
108	121	0.150
108	133	0.235
109	112	0.127
109	113	0.099
109	122	0.103
109	123	0.108
109	129	0.120
109	155	0.113
109	183	0.131
110	114	0.120
110	116	0.144
110	118	0.210
110	121	0.168
110	128	0.184
110	134	0.278
110	139	0.243
110	146	0.258
110	147	0.217
110	156	0.167
110	159	0.309
110	163	0.149
110	164	0.194
111	119	0.115
111	124	0.139
111	178	0.308
112	113	0.142
112	123	0.159
112	128	0.106
112	129	0.136
112	132	0.121
112	141	0.156
112	148	0.126
113	128	0.114
114	116	0.135
114	118	0.259
114	121	0.193
114	135	0.270
114	137	0.229
114	156	0.237
116	118	0.182
116	121	0.271
116	126	0.191
116	135	0.169
116	138	0.244
116	147	0.220
116	150	0.267
116	153	0.235
116	156	0.199
116	163	0.193
116	171	0.240
116	173	0.190
117	120	0.126
118	121	0.265
118	135	0.302
118	137	0.291
118	147	0.240
118	156	0.331
118	163	0.224
118	173	0.223
119	124	0.123
119	136	0.243
119	142	0.166
120	121	0.130
121	135	0.274
121	137	0.196
121	138	0.287
121	147	0.319
121	153	0.251
121	156	0.251
121	163	0.222
121	171	0.245
121	173	0.202
123	129	0.165
123	132	0.123
123	145	0.149
124	149	0.147
124	155	0.129
124	188	0.219
124	218	0.165
124	221	0.335
125	139	0.137
125	144	0.138
126	159	0.230
126	163	0.196
126	169	0.249
126	195	0.287
126	196	0.258
128	134	0.147
128	139	0.179
128	144	0.225
128	146	0.177
128	157	0.147
128	159	0.148
128	164	0.171
128	166	0.232
128	169	0.234
129	132	0.143
129	145	0.183
132	145	0.200
134	144	0.220
134	159	0.240
135	137	0.361
135	156	0.340
135	163	0.341
135	173	0.241
136	142	0.251
137	156	0.330
137	163	0.198
137	173	0.258
138	147	0.267
138	153	0.299
138	171	0.310
139	164	0.225
140	150	0.267
144	168	0.214
146	157	0.209
146	159	0.266
146	166	0.244
155	170	0.135
155	218	0.161
156	163	0.269
156	173	0.330
159	169	0.275
163	173	0.298
163	193	0.321
164	168	0.231
164	215	0.384
170	183	0.164
170	187	0.257
170	246	0.277
170	250	0.201
171	189	0.312
173	207	0.481
173	348	0.349
183	230	0.230
183	246	0.275
184	219	0.462
184	321	0.359
184	324	0.374
184	380	0.374
187	250	0.319
195	196	0.341
218	221	0.243
219	380	0.446
262	284	0.437
12	2	0.119
16	2	0.238
39	2	0.242
59	2	0.216
128	2	0.123
179	2	0.212
9	8	0.538
13	8	0.219
109	8	0.124
13	9	0.201
109	9	0.090
170	9	0.124
13	12	0.114
14	12	0.173
16	12	0.158
85	12	0.214
102	12	0.117
103	12	0.112
107	12	0.110
110	12	0.140
114	12	0.121
116	12	0.175
118	12	0.171
121	12	0.146
125	12	0.094
126	12	0.217
128	12	0.082
135	12	0.174
137	12	0.160
140	12	0.116
144	12	0.109
147	12	0.123
150	12	0.137
156	12	0.178
159	12	0.135
163	12	0.203
164	12	0.154
165	12	0.153
168	12	0.125
169	12	0.117
173	12	0.152
179	12	0.137
186	12	0.175
195	12	0.135
196	12	0.175
207	12	0.142
209	12	0.204
210	12	0.191
1267	13	0.429
103	14	0.086
124	14	0.101
125	14	0.103
59	16	0.201
173	16	0.142
45	39	0.591
59	57	0.427
102	101	0.195
104	101	0.082
105	101	0.131
109	101	0.102
111	101	0.073
115	101	0.143
119	101	0.158
122	101	0.206
131	101	0.105
136	101	0.106
142	101	0.176
248	101	0.166
105	102	0.141
108	102	0.203
113	102	0.077
114	102	0.135
115	102	0.227
117	102	0.089
118	102	0.133
120	102	0.165
121	102	0.134
124	102	0.075
135	102	0.214
137	102	0.146
143	102	0.107
163	102	0.132
194	102	0.188
203	102	0.142
225	102	0.150
113	103	0.092
106	104	0.155
109	104	0.089
111	104	0.113
112	104	0.126
113	104	0.081
123	104	0.147
124	104	0.087
129	104	0.180
130	104	0.142
132	104	0.174
145	104	0.140
154	104	0.220
197	104	0.101
111	105	0.112
119	105	0.219
136	105	0.152
142	105	0.141
143	105	0.122
107	106	0.079
109	106	0.151
112	106	0.149
113	106	0.078
123	106	0.159
128	106	0.089
129	106	0.186
130	106	0.130
132	106	0.134
136	106	0.120
141	106	0.106
143	106	0.107
145	106	0.137
112	107	0.077
116	107	0.120
111	108	0.084
117	108	0.188
118	108	0.150
119	108	0.111
120	108	0.139
121	108	0.150
133	108	0.235
135	108	0.157
137	108	0.149
150	108	0.121
173	108	0.123
194	108	0.187
112	109	0.127
113	109	0.099
123	109	0.108
127	109	0.084
129	109	0.120
141	109	0.101
155	109	0.113
183	109	0.131
230	109	0.121
113	110	0.092
116	110	0.144
118	110	0.210
121	110	0.168
128	110	0.184
134	110	0.278
138	110	0.136
139	110	0.243
140	110	0.124
144	110	0.134
146	110	0.258
147	110	0.217
156	110	0.167
159	110	0.309
163	110	0.149
164	110	0.194
169	110	0.158
173	110	0.146
174	110	0.162
196	110	0.147
119	111	0.115
124	111	0.139
129	111	0.111
149	111	0.101
178	111	0.308
197	111	0.132
284	111	0.135
113	112	0.142
123	112	0.159
128	112	0.106
129	112	0.136
132	112	0.121
141	112	0.156
148	112	0.126
128	113	0.114
141	113	0.095
116	114	0.135
118	114	0.259
121	114	0.193
128	114	0.115
134	114	0.137
135	114	0.270
137	114	0.229
139	114	0.126
147	114	0.140
153	114	0.127
156	114	0.237
163	114	0.155
173	114	0.131
182	114	0.159
118	116	0.182
121	116	0.271
126	116	0.191
135	116	0.169
138	116	0.244
140	116	0.111
147	116	0.220
150	116	0.267
153	116	0.235
156	116	0.199
162	116	0.134
163	116	0.193
164	116	0.139
171	116	0.240
173	116	0.190
177	116	0.206
196	116	0.154
199	116	0.168
287	116	0.273
120	117	0.126
143	117	0.136
121	118	0.265
128	118	0.094
134	118	0.150
135	118	0.302
137	118	0.291
138	118	0.184
139	118	0.148
147	118	0.240
150	118	0.169
153	118	0.149
156	118	0.331
163	118	0.224
165	118	0.184
171	118	0.182
173	118	0.223
177	118	0.220
182	118	0.180
124	119	0.123
131	119	0.110
136	119	0.243
142	119	0.166
149	119	0.141
143	120	0.134
194	120	0.161
199	120	0.185
135	121	0.274
137	121	0.196
138	121	0.287
140	121	0.172
147	121	0.319
150	121	0.174
153	121	0.251
156	121	0.251
162	121	0.162
163	121	0.222
171	121	0.245
173	121	0.202
177	121	0.215
182	121	0.221
267	121	0.275
129	123	0.165
145	123	0.149
149	124	0.147
155	124	0.129
188	124	0.219
218	124	0.165
221	124	0.335
262	124	0.147
139	125	0.137
144	125	0.138
128	126	0.138
140	126	0.183
144	126	0.148
159	126	0.230
163	126	0.196
164	126	0.187
169	126	0.249
173	126	0.164
179	126	0.187
195	126	0.287
196	126	0.258
285	126	0.296
139	128	0.179
144	128	0.225
146	128	0.177
157	128	0.147
164	128	0.171
166	128	0.232
169	128	0.234
145	129	0.183
145	132	0.200
208	132	0.241
139	134	0.182
144	134	0.220
159	134	0.240
137	135	0.361
147	135	0.213
156	135	0.340
163	135	0.341
173	135	0.241
142	136	0.251
143	136	0.142
156	137	0.330
163	137	0.198
173	137	0.258
147	138	0.267
153	138	0.299
171	138	0.310
164	139	0.225
174	139	0.251
150	140	0.267
168	144	0.214
157	146	0.209
159	146	0.266
166	146	0.244
169	146	0.205
177	147	0.262
170	155	0.135
218	155	0.161
163	156	0.269
164	156	0.194
173	156	0.330
169	159	0.275
164	163	0.211
173	163	0.298
193	163	0.321
196	163	0.227
209	163	0.297
168	164	0.231
215	164	0.384
183	170	0.164
187	170	0.257
246	170	0.277
250	170	0.201
189	171	0.312
207	173	0.481
348	173	0.349
230	183	0.230
246	183	0.275
219	184	0.462
321	184	0.359
324	184	0.374
380	184	0.374
250	187	0.319
196	195	0.341
380	219	0.446
284	262	0.437
